% Verts = [0 0 0;
%          .5 0 0;
%          5 0 0;
%          0 .5 0;
%          0 5 0; 
%          0 0 2.5;
%          0 0 4;
%          2 0 4;
%          0 2 4;
%          0 -2 4;
%          6 6 6]
%      
% 
% 
% Links = [1 2;
%          2 3;
%          1 4;
%          4 5;
%          6 7;
%          7 8;
%          7 9;
%          7 10];
%          
Verts = [5 5 5;
        
         5 5 0;
         0 5 5; 
         5 10 5;
         5 5 10
         10 5 5
         5 0 5;
         ];
     


Links = [1 2;
         1 3;
         1 4;
         1 5;
         1 6;
         1 7;];
     
Verts = [5 5 5;
        
         5 5 0;
         0 5 5; 
         5 10 5;
         5 5 10
         10 5 5
         5 0 5;
         
         0 0 0;
         10 0 0; 
         0 10 0;
         0 0 10;
         10 10 0;
         0 10 10;
         10 0 10;
         10 10 10;];
     


Links = [1 2;
         1 3;
         1 4;
         1 5;
         1 6;
         1 7;
         
         1 8;
         1 9;
         1 10;
         1 11;
         1 12;
         1 13;
         1 14;
         1 15;];  
     
Verts = [5 5 5;
        
         5 5 0;
         0 5 5; 
         5 10 5;];
     
Links = [1 2;
         1 3;
         1 4;
         ];  
     

     
% 
% Verts = [0 0 0;
%          0 0 5];
%      
% Links = [1 2];