
Test1XZ = [   0 0 -.5;
            -1 0 .5;
            1 0 .5;]
        
Test1XY = [0 -.5 0;
              -1 .5 0;
              1 .5 0;];
          
Test2XZ = [6 0 -1;
              4 0 1;
              8 0 1];

Test2XY  = [5 -1 1;
              3 1 0;
              7 1 0;];
          
Test3XZ = [6 0 -1;
              4 0 1;
              8 0 1];

Test3XY  = [10 -1 0;
              9 1 0;
              11 1 0;];          
          
Test3XZ = [10 0 -1;
              9 0 1;
              11 0 1];
          
Test4XY  = [15 -1 0;
              14 1 0;
              16 1 0;];          
          
Test4XZ = [15 0 -1;
              12.5 0 1;
              17.5 0 1];  
          
Test5XY  = [20 -1 0;
              17.5 1 0;
              22.5 1 0;];          
          
Test5XZ = [20 0 -1;
              19 0 1;
              21 0 1];      
          
Test6XY  = [26 -1 0;
              24 1 0;
              27 1 0;];          
          
Test6XZ = [25 0 -1;
              24 0 1;
              26 0 1]; 
          
Test7XY = [30 -1 0;
            28 1  0;
            31 1 0];
            
Test7XZ = [30 -1 0;
            32 -1  1;
            31 1 0];
            
Test7YZ = [32 0 0;
               29.5 0 -1;
               29.5 0 1;];
           
Test8XY = [35 1 0;
            34 -1  0;
            36 -1 0];
            
Test8XZ = [36 -1 0;
            35 1  0;
            35 1 1];
            
Test8YZ = [37 0 2;
               33 0 -.5;
               37 0 -.5;];
           
Test9XZ = [40 0 1;
              41 0  0;
              39 0 0];
            
Test9XY = [40 1 0;
              41 0 0;
              39 0 0;];
          
Test10XY = [45.0000   -1.0000         0;
            47.0000   -1.0000    1.0000;
            46.0000    1.0000         0;];
        
Test10XZ = [44.5000         0    1.0000;
             45.5000         0         0;
             47.0000         0         0];

Test11XY = [50.0000   -1.0000         0;
            52.0000   -1.0000    1.0000;
            51.0000    1.0000         0;];
        
Test11XY2 = [50.0000   -1.0000       .5;
            52.0000   -1.0000    1.50000;
            51.0000    1.0000         .5;];        
        
Test11XZ = [49.5000         0    2.0000;
             50.5000         0         -1;
             53.0000         0         -1];
         
Test12XY = [54.0000   1.0000     0;
            56.0000   1.0000         0;
            55.0000    -1.0000         0;];
        
Test12XY2 = [54.0000   -1.0000    .5;
            56.0000   -1.0000         .5;
            55.0000    1.0000         .5;];        
        
Test12XZ = [55         0    2.0000;
             53         0         -1;
             57.0000         0         -1]
         
Test12XZ2 = [55         -.5    2.0000;
                 53         -.5         -1;
                 57.0000      -.5         -1];         

Test13XY = [59.0000   0     0;
                  61.0000   0     0;
                  60.0000   1    0;];
                
Test13XZ = [60         0       2.0000;
                62         0         -1;
                58.0000    0         -1];
            
Test14XY = [64.0000   1     1.5;
                  65.0000   0     0;
                  66.0000   1     1.5;];
                
Test14XZ = [65         1         1;
                  65         1         -1;
                  65         -1        1];
              
Test15XY = [69.0000   1     1.5;
                 70.0000   0     0;
                 71.0000   1     1.5;];
                
Test15XZ = [70         .5         1;
                 70         1         -1;
                 70         -1        1];
             
Test16XY = [75.0000   0     1.5;
                 74.0000   0     0;
                 76.0000   0     0;];
                
Test16XZ = [75         0         .75;
                 75         1        0;
                 75         -1        0];
             
Test17XY = [80.0000   .1     .75;
                 79.0000   0     0;
                 81.0000   0     0;];
                
Test17XZ = [79.9         0         0;
                   80         1        .75;
                   80         -1       .75];             
               
Test18XY = [85.0000   0     -1;
                   86.0000   0     0;
                   84.0000   0     0;];
                
Test18XZ = [85         1         0;
                   85         0         -.25;
                   85         -1       -.25];             
     
Test19XY = [90.0000   0     -1;
                  91.0000   0     0;
                  90.0000   0     -.5;];
                
Test19XZ = [91         -.5         -.5;
                  91         1         -.5;
                  90         -1        0];   
              
Test20XY = [94.0000   0     0;
                  96.0000   0     0;
                  95.0000   1    0;];
                
Test20XZ = [95         0       1.0000;
                96         0         -1;
                94.0000    0         -1];
            
Test21XY = [99.0000   0     0;
                  101.0000   0     0;
                  100.0000   1    0;];
                
Test21XZ = [100         0       3.0000;
                101         0          -1;
                99.0000    0           -1];
            
Test22XY = [104.0000   0     0;
                  106.0000   0     0;
                  105.0000   1    0;];
                
Test22XZ = [105         1       0;
                   105         0       0;
                   105    0           -1]; 
               
Test23XY = [109.0000   0     0;
                  111.0000   0     0;
                  110.0000   1    0;];
                
Test23XZ = [110         1       0;
                   110         .25       .1;
                   110    .25           -1]; 
               

Test24XY = [115.0000   0.5   0;
                    114.0000 0    0;
                    116.0000   0    0;];
                
Test24XZ = [115        0       0.5;
                   115         0       -0.5;
                   115         -0.5    0]; 

Test25XY = [120.0000   0    0;
                    119.0000   0.5     0;
                    121.0000   0.5     0;];
                
Test25XZ = [120         0       0.5;
                    120         0       -0.5;
                    120         -.5       0]; 
                
          
%          
TriVerts = [Test1XZ; 
         Test1XY; 
         Test2XZ; 
         Test2XY;
         Test3XY;
         Test3XZ;
         Test4XY;
         Test4XZ;
         Test5XY;
         Test5XZ;
         Test6XY;
         Test6XZ;
         Test7XY;
         Test7XZ;
         Test7YZ;
         Test8XZ;
         Test8XY;
         Test8YZ;
         Test9XZ;
         Test9XY;
         Test10XY;
         Test10XZ;
         Test11XY;
         Test11XY2;
         Test11XZ;
         Test12XY2;
         Test12XY;
         Test12XZ;
         Test12XZ2;
         Test13XY;
         Test13XZ;
         Test14XZ;
         Test14XY;
         Test15XZ;
         Test15XY;
         Test16XY;
         Test16XZ;
         Test17XY;
         Test17XZ;
         Test18XY;
         Test18XZ;
         Test19XY;
         Test19XZ;
         Test20XY;
         Test20XZ;
         Test21XY;
         Test21XZ;
         Test22XY;
         Test22XZ;
         Test23XY;
         Test23XZ;
         Test24XY;
         Test24XZ;
         Test25XY;
         Test25XZ;];

%    TriVerts = [
%              Test1XZ;
%              Test1XY;
%              Test2XZ; 
%              Test2XY;];     
%      
%      TriVerts = [
%                Test5XY; 
%                Test5XZ;];

%    TriVerts = [
%              Test6XZ; 
%              Test6XY;];

%   TriVerts = [ Test7XY;
%               %Test7XZ;
%               Test7YZ;];
% % % 
%   TriVerts = [ Test8XZ;
%                Test8XY;
%                Test8YZ;];

% TriVerts = [ Test7XY;
%              Test7XZ;
%              Test7YZ;
%              Test8XY;
%              Test8YZ;
%              Test8XZ;];
